3
94
70
3
10
46
44
62
15
9
7
10
55
79
44
17
11
30
82
31
29
85
88
62
17
22
2
11
44
22
42
99
68
13
3
78
11
99
93
26
60
0
89
68
79
33
85
90
15
67
73
97
4
62
59
21
36
62
84
80
36
79
79
56
92
34
34
3
86
79
82
98
32
23
66
63
8
4
54
76
71
79
73
28
93
32
1
29
46
86
9
34
65
41
90
9
27
77
64
65
56
98
64
40
21
82
4
82
86
10
58
10
89
31
38
83
63
39
12
62
25
74
48
42
67
39
3
94
68
68
12
76
18
76
17
40
58
21
22
45
31
80
7
20
63
45
55
78
84
68
40
62
94
89
4
61
80
60
7
48
80
19
24
98
47
41
90
6
14
64
3
45
96
10
18
59
55
73
38
91
93
30
53
87
19
10
0
51
70
8
99
50
79
76
0
27
69
91
85
84
55
40
29
52
2
47
63
9
73
1
0
66
32
54
6
3
64
6
55
86
66
54
36
46
82
88
25
52
79
10
36
87
50
17
91
52
65
54
61
38
56
13
56
88
67
62
91
83
21
98
69
39
5
5
85
87
46
62
39
25
72
27
12
74
45
3
26
62
58
39
52
66
53
8
6
72
23
97
56
96
96
25
35
1
83
73
40
29
35
32
54
8
59
19
82
4
74
61
18
84
52
70
50
5
31
56
78
54
6
34
50
54
11
37
7
94
10
47
23
46
79
30
6
91
49
40
95
75
53
14
60
6
36
10
11
67
19
41
21
25
27
23
31
39
61
38
33
23
37
9
69
69
39
27
60
40
68
55
15
21
21
75
27
58
38
91
77
57
84
51
34
64
74
17
3
87
55
88
11
44
49
32
13
88
60
73
28
80
81
44
53
54
71
33
64
9
76
42
18
60
93
4
24
67
21
79
7
28
20
18
73
69
2
86
58
14
12
38
94
93
34
0
47
6
33
12
67
9
6
86
21
99
90
98
18
64
77
25
92
97
95
17
67
98
4
77
12
68
15
59
13
2
59
60
8
92
24
75
53
30
13
74
81
56
72
0
20
2
77
64
99
73
82
18
71
38
47
35
6
63
94
19
65
5
31
25
97
8
52
2
38
66
29
72
74
53
72
94
55
49
58
7
74
40
25
97
78
73
33
36
88
79
55
5
85
87
82
34
95
34
37
85
52
66
57
26
19
81
72
27
83
31
34
57
23
11
55
54
36
88
90
24
19
98
81
4
85
63
91
32
50
28
69
2
46
27
81
17
60
53
44
43
36
30
53
60
42
8
66
78
48
8
55
19
6
88
24
91
4
15
75
54
95
45
8
93
24
89
62
84
43
59
80
31
89
33
43
83
93
9
14
93
18
21
12
24
9
36
68
13
3
43
67
50
88
28
95
12
17
58
49
12
17
29
44
58
14
87
42
7
97
8
52
67
29
64
43
90
53
11
4
8
7
23
59
95
51
54
60
21
64
61
33
33
42
77
92
56
17
86
15
66
46
67
33
75
31
76
17
84
40
73
93
47
49
4
94
52
10
6
73
27
67
7
60
9
36
4
17
53
90
32
19
36
51
4
63
83
33
33
19
25
6
64
72
55
68
18
8
31
77
81
58
44
40
18
6
77
23
23
82
65
8
54
54
59
10
69
94
43
2
14
68
9
78
92
64
99
63
24
30
40
6
40
84
98
58
42
27
33
66
10
99
74
16
53
85
26
22
80
70
77
94
90
86
24
83
2
75
46
27
57
38
85
97
22
83
8
65
11
41
83
73
92
9
89
97
94
15
72
74
37
49
20
80
87
97
15
89
72
13
16
82
51
1
79
73
37
39
90
48
33
25
21
25
34
62
75
29
29
99
55
19
48
28
99
35
25
14
76
49
27
93
31
78
46
63
3
83
2
46
31
87
71
4
13
58
18
40
39
48
39
94
67
39
74
18
74
99
32
2
49
11
95
32
41
94
95
96
77
50
42
61
37
66
17
2
76
36
42
15
36
33
61
55
72
36
73
98
87
5
1
88
68
48
21
9
42
68
5
72
18
0
85
8
18
2
10
46
90
5
61
26
38
74
33
63
62
6
61
50
63
14
90
31
63
11
92
57
32
50
29
2
2
14
10
72
69
73
18
59
30
31
38
20
5
71
83
68
30
97
70
93
11
60
25
26
24
69
84
8
19
65
10
21
32
73
93
1
98
63
12
28
94
2
0
0
26
84
20
56
33
42
49
96
54
26
23
30
96
59
38
67
76
1
41
8
74
34
61
